Sector: Industrials
Start Price: 2802.8603105056677
End Price: 2875.693115234375
Percent Change: 2.6
All 120 Day Future Predictions
[[2884.6133]
 [2879.6497]
 [2852.319 ]
 [2873.8489]
 [2868.7078]
 [2887.371 ]
 [2830.002 ]
 [2844.8018]
 [2849.3235]
 [2867.1326]
 [2872.7793]
 [2872.1162]
 [2862.392 ]
 [2859.5266]
 [2843.1675]
 [2854.4153]
 [2846.782 ]
 [2865.4778]
 [2838.1772]
 [2839.3447]
 [2861.462 ]
 [2866.0073]
 [2857.6172]
 [2844.136 ]
 [2864.0098]
 [2839.308 ]
 [2843.3735]
 [2831.8123]
 [2842.6248]
 [2826.2842]
 [2833.9028]
 [2826.1619]
 [2831.1118]
 [2826.9893]
 [2813.5322]
 [2804.9846]
 [2799.3508]
 [2848.7253]
 [2835.1172]
 [2845.864 ]
 [2829.2026]
 [2841.2122]
 [2840.5789]
 [2824.0947]
 [2830.482 ]
 [2814.5217]
 [2799.0195]
 [2807.0586]
 [2817.4062]
 [2818.5083]
 [2805.6367]
 [2815.2979]
 [2807.7673]
 [2815.7063]
 [2840.4678]
 [2835.2607]
 [2815.6096]
 [2803.8406]
 [2843.7058]
 [2857.0781]
 [2826.6453]
 [2829.8665]
 [2809.4849]
 [2834.488 ]
 [2852.0215]
 [2830.122 ]
 [2813.4463]
 [2810.192 ]
 [2846.696 ]
 [2869.362 ]
 [2852.6487]
 [2832.3137]
 [2857.899 ]
 [2841.3674]
 [2834.5317]
 [2879.409 ]
 [2867.5183]
 [2860.992 ]
 [2846.3174]
 [2863.3467]
 [2858.38  ]
 [2848.1458]
 [2837.0422]
 [2864.321 ]
 [2844.3252]
 [2850.3394]
 [2870.2346]
 [2857.9065]
 [2854.1694]
 [2833.3716]
 [2856.8257]
 [2854.2456]
 [2818.9282]
 [2854.1292]
 [2842.0186]
 [2868.1833]
 [2842.8835]
 [2849.387 ]
 [2859.4329]
 [2866.3738]
 [2855.983 ]
 [2846.6174]
 [2854.0674]
 [2863.5938]
 [2852.972 ]
 [2863.138 ]
 [2870.7063]
 [2883.1416]
 [2882.7288]
 [2873.179 ]
 [2871.847 ]
 [2877.604 ]
 [2875.872 ]
 [2898.4485]
 [2873.7366]
 [2856.8772]
 [2886.3494]
 [2860.7263]
 [2880.249 ]
 [2875.693 ]]