Sector: Real Estate
Start Price: 859.7749657235064
End Price: 821.0155639648438
Percent Change: -4.51
All 120 Day Future Predictions
[[805.48566]
 [806.00024]
 [796.519  ]
 [810.6105 ]
 [804.2397 ]
 [802.5275 ]
 [811.55914]
 [810.31134]
 [813.7956 ]
 [810.53204]
 [806.3628 ]
 [809.71234]
 [808.18225]
 [813.27277]
 [806.973  ]
 [804.58655]
 [803.39984]
 [808.11163]
 [806.6335 ]
 [806.42645]
 [799.0602 ]
 [793.7076 ]
 [796.003  ]
 [805.168  ]
 [801.1938 ]
 [805.3797 ]
 [808.00085]
 [804.4883 ]
 [801.7069 ]
 [799.39496]
 [802.71594]
 [795.2309 ]
 [797.9787 ]
 [805.90155]
 [801.2528 ]
 [788.5099 ]
 [814.6484 ]
 [801.2183 ]
 [806.08563]
 [797.22736]
 [795.27344]
 [796.0621 ]
 [796.4087 ]
 [791.3321 ]
 [794.02783]
 [786.685  ]
 [794.89777]
 [803.5926 ]
 [795.7637 ]
 [796.07996]
 [792.7668 ]
 [806.7083 ]
 [807.1105 ]
 [799.5957 ]
 [801.79736]
 [799.27057]
 [811.2401 ]
 [801.96735]
 [803.8255 ]
 [809.2391 ]
 [811.91534]
 [809.00824]
 [812.91846]
 [813.07916]
 [815.54297]
 [817.10626]
 [814.2125 ]
 [817.0662 ]
 [818.25793]
 [818.3243 ]
 [812.9455 ]
 [816.6408 ]
 [813.2178 ]
 [814.8455 ]
 [822.3847 ]
 [816.21704]
 [825.60535]
 [823.5916 ]
 [829.6398 ]
 [825.85706]
 [830.7108 ]
 [819.99854]
 [828.2706 ]
 [827.5876 ]
 [822.52985]
 [815.50793]
 [818.4395 ]
 [824.25977]
 [812.0807 ]
 [823.5065 ]
 [817.5058 ]
 [817.4513 ]
 [816.5876 ]
 [820.19635]
 [815.52997]
 [814.0973 ]
 [811.95013]
 [817.2137 ]
 [820.75714]
 [824.1809 ]
 [817.00934]
 [822.5497 ]
 [829.48895]
 [822.73944]
 [822.2284 ]
 [821.7534 ]
 [829.8592 ]
 [827.7219 ]
 [829.9586 ]
 [820.11487]
 [820.74164]
 [828.62115]
 [827.80597]
 [831.6122 ]
 [827.0431 ]
 [820.1982 ]
 [828.55347]
 [825.3138 ]
 [826.6128 ]
 [821.01556]]