Sector: Utilities
Start Price: 970.8053858143661
End Price: 937.7077026367188
Percent Change: -3.41
All 120 Day Future Predictions
[[919.4607 ]
 [917.6152 ]
 [915.3315 ]
 [914.5324 ]
 [924.61725]
 [923.01434]
 [913.0361 ]
 [917.79913]
 [926.0255 ]
 [921.57837]
 [932.67487]
 [930.34106]
 [927.02277]
 [917.0676 ]
 [920.37036]
 [920.0346 ]
 [926.3636 ]
 [913.42145]
 [912.50836]
 [910.2436 ]
 [917.6172 ]
 [916.0894 ]
 [914.32275]
 [917.1    ]
 [923.3726 ]
 [910.20374]
 [909.78894]
 [911.3764 ]
 [914.5463 ]
 [910.1857 ]
 [904.63885]
 [924.0301 ]
 [907.8156 ]
 [919.6069 ]
 [919.24005]
 [907.5287 ]
 [912.5211 ]
 [914.5608 ]
 [910.0891 ]
 [908.4327 ]
 [908.8838 ]
 [910.9001 ]
 [919.51105]
 [902.59467]
 [923.65137]
 [914.52234]
 [907.00555]
 [922.1266 ]
 [921.25507]
 [916.2731 ]
 [927.8167 ]
 [922.0326 ]
 [920.0871 ]
 [904.20264]
 [924.1359 ]
 [931.8887 ]
 [924.79926]
 [920.56866]
 [912.6275 ]
 [926.80237]
 [926.726  ]
 [922.139  ]
 [930.8545 ]
 [921.4793 ]
 [932.62787]
 [934.54517]
 [925.70013]
 [929.2784 ]
 [918.43036]
 [924.58685]
 [924.0471 ]
 [922.44507]
 [924.0005 ]
 [914.23145]
 [917.8514 ]
 [937.82104]
 [930.1079 ]
 [926.59125]
 [929.79596]
 [928.28   ]
 [931.4104 ]
 [919.5771 ]
 [933.695  ]
 [933.8679 ]
 [922.2537 ]
 [925.52124]
 [929.1911 ]
 [923.75525]
 [930.00806]
 [924.6838 ]
 [934.3922 ]
 [933.4278 ]
 [933.66583]
 [931.5752 ]
 [933.8084 ]
 [934.8815 ]
 [922.1188 ]
 [932.6796 ]
 [937.14264]
 [931.9032 ]
 [941.4206 ]
 [918.304  ]
 [937.511  ]
 [928.59247]
 [937.14575]
 [929.653  ]
 [928.1211 ]
 [943.59485]
 [945.0483 ]
 [931.6419 ]
 [936.3692 ]
 [931.79114]
 [935.0178 ]
 [927.3564 ]
 [934.9906 ]
 [931.9154 ]
 [938.51105]
 [931.65326]
 [936.0538 ]
 [937.7077 ]]