Sector: Consumer Discretionary
Start Price: 3828.6785226865136
End Price: 4804.23779296875
Percent Change: 25.48
All 120 Day Future Predictions
[[4461.3965]
 [4387.97  ]
 [4496.196 ]
 [4437.3237]
 [4438.0566]
 [4407.7354]
 [4456.5757]
 [4454.1147]
 [4363.621 ]
 [4365.2725]
 [4461.0557]
 [4465.46  ]
 [4403.566 ]
 [4395.36  ]
 [4500.529 ]
 [4451.5967]
 [4394.4214]
 [4361.6475]
 [4352.6416]
 [4395.9365]
 [4369.1157]
 [4421.263 ]
 [4439.8853]
 [4595.242 ]
 [4454.416 ]
 [4339.755 ]
 [4422.637 ]
 [4328.333 ]
 [4397.7734]
 [4458.035 ]
 [4408.915 ]
 [4510.785 ]
 [4430.8193]
 [4478.255 ]
 [4429.73  ]
 [4449.5586]
 [4421.0195]
 [4406.708 ]
 [4450.7007]
 [4537.933 ]
 [4329.1567]
 [4548.1655]
 [4403.987 ]
 [4500.532 ]
 [4344.1323]
 [4413.114 ]
 [4414.341 ]
 [4385.183 ]
 [4427.157 ]
 [4410.028 ]
 [4501.7646]
 [4443.855 ]
 [4442.276 ]
 [4439.995 ]
 [4460.58  ]
 [4607.969 ]
 [4501.3438]
 [4522.0615]
 [4607.0474]
 [4572.216 ]
 [4459.2837]
 [4456.2397]
 [4504.0806]
 [4524.241 ]
 [4557.565 ]
 [4506.5513]
 [4441.4653]
 [4746.8516]
 [4579.818 ]
 [4592.4766]
 [4613.7456]
 [4654.2705]
 [4629.4844]
 [4707.381 ]
 [4717.6562]
 [4650.665 ]
 [4639.653 ]
 [4728.343 ]
 [4726.1836]
 [4632.9683]
 [4656.1436]
 [4657.093 ]
 [4636.4375]
 [4675.9897]
 [4663.48  ]
 [4687.722 ]
 [4652.4854]
 [4698.761 ]
 [4617.094 ]
 [4655.8335]
 [4721.224 ]
 [4560.845 ]
 [4612.7793]
 [4507.0024]
 [4612.077 ]
 [4633.563 ]
 [4610.0957]
 [4734.986 ]
 [4679.33  ]
 [4670.667 ]
 [4588.8633]
 [4572.0674]
 [4697.001 ]
 [4628.925 ]
 [4724.073 ]
 [4737.948 ]
 [4715.4614]
 [4843.9834]
 [4854.2725]
 [4764.624 ]
 [4712.4126]
 [4706.41  ]
 [4812.6953]
 [4708.932 ]
 [4649.6553]
 [4703.855 ]
 [4777.8857]
 [4778.143 ]
 [4777.1772]
 [4804.238 ]]