Sector: Information Technology
Start Price: 8831.79878086548
End Price: 10007.6708984375
Percent Change: 13.31
All 120 Day Future Predictions
[[ 9371.795 ]
 [ 9456.758 ]
 [ 9347.347 ]
 [ 9335.001 ]
 [ 9298.198 ]
 [ 9311.33  ]
 [ 9411.958 ]
 [ 9389.687 ]
 [ 9360.69  ]
 [ 9502.953 ]
 [ 9537.218 ]
 [ 9553.38  ]
 [ 9299.203 ]
 [ 9532.55  ]
 [ 9429.858 ]
 [ 9342.541 ]
 [ 9233.096 ]
 [ 9337.571 ]
 [ 9413.48  ]
 [ 9413.7705]
 [ 9553.692 ]
 [ 9273.2   ]
 [ 9404.062 ]
 [ 9543.246 ]
 [ 9459.1455]
 [ 9503.509 ]
 [ 9454.7   ]
 [ 9502.356 ]
 [ 9489.233 ]
 [ 9393.506 ]
 [ 9254.575 ]
 [ 9284.022 ]
 [ 9284.168 ]
 [ 9217.593 ]
 [ 9400.909 ]
 [ 9299.552 ]
 [ 9367.087 ]
 [ 9176.878 ]
 [ 9295.468 ]
 [ 9307.217 ]
 [ 9389.705 ]
 [ 9385.242 ]
 [ 9486.295 ]
 [ 9314.356 ]
 [ 9338.552 ]
 [ 9441.645 ]
 [ 9319.308 ]
 [ 9388.168 ]
 [ 9431.858 ]
 [ 9413.113 ]
 [ 9204.768 ]
 [ 9473.882 ]
 [ 9502.956 ]
 [ 9420.186 ]
 [ 9467.954 ]
 [ 9486.572 ]
 [ 9533.151 ]
 [ 9368.045 ]
 [ 9592.009 ]
 [ 9608.501 ]
 [ 9666.775 ]
 [ 9537.138 ]
 [ 9589.534 ]
 [ 9600.948 ]
 [ 9556.694 ]
 [ 9760.091 ]
 [ 9756.724 ]
 [ 9635.419 ]
 [ 9906.577 ]
 [ 9440.417 ]
 [ 9602.294 ]
 [ 9497.954 ]
 [ 9787.262 ]
 [ 9679.173 ]
 [ 9828.201 ]
 [ 9724.828 ]
 [ 9732.476 ]
 [ 9676.19  ]
 [ 9664.165 ]
 [ 9772.435 ]
 [ 9746.085 ]
 [ 9901.98  ]
 [ 9745.717 ]
 [ 9947.655 ]
 [ 9822.522 ]
 [ 9706.108 ]
 [ 9743.925 ]
 [ 9861.335 ]
 [ 9608.161 ]
 [ 9592.483 ]
 [ 9666.9375]
 [ 9463.51  ]
 [ 9624.023 ]
 [ 9910.672 ]
 [ 9776.225 ]
 [ 9719.385 ]
 [ 9602.812 ]
 [ 9852.213 ]
 [ 9720.134 ]
 [ 9801.298 ]
 [ 9808.44  ]
 [ 9775.791 ]
 [ 9993.149 ]
 [ 9994.131 ]
 [ 9895.788 ]
 [10173.093 ]
 [ 9982.782 ]
 [ 9905.185 ]
 [ 9831.2295]
 [ 9890.911 ]
 [ 9947.045 ]
 [ 9813.668 ]
 [10012.387 ]
 [10007.2   ]
 [10075.547 ]
 [ 9938.387 ]
 [ 9939.115 ]
 [ 9934.635 ]
 [ 9930.345 ]
 [10007.671 ]]