Sector: Consumer Staples
Start Price: 2625.609378531963
End Price: 2459.969970703125
Percent Change: -6.31
All 120 Day Future Predictions
[[2419.1738]
 [2406.9377]
 [2421.2913]
 [2428.8862]
 [2408.6802]
 [2428.4983]
 [2393.794 ]
 [2420.034 ]
 [2416.251 ]
 [2428.199 ]
 [2425.633 ]
 [2420.0393]
 [2422.629 ]
 [2431.8499]
 [2420.3018]
 [2435.1216]
 [2387.5447]
 [2410.0742]
 [2414.73  ]
 [2401.2659]
 [2419.8562]
 [2436.3284]
 [2430.4194]
 [2398.6553]
 [2410.1665]
 [2424.1013]
 [2426.0303]
 [2436.8503]
 [2427.5232]
 [2427.65  ]
 [2420.1672]
 [2426.4138]
 [2426.3237]
 [2418.1323]
 [2413.2954]
 [2405.6938]
 [2410.551 ]
 [2432.0981]
 [2428.4077]
 [2380.811 ]
 [2425.6287]
 [2419.778 ]
 [2408.6577]
 [2410.8562]
 [2418.3904]
 [2399.9055]
 [2423.282 ]
 [2417.3196]
 [2393.731 ]
 [2401.8777]
 [2415.882 ]
 [2417.8887]
 [2394.1653]
 [2422.0723]
 [2421.0947]
 [2420.6548]
 [2418.7192]
 [2412.1658]
 [2395.7449]
 [2423.54  ]
 [2411.705 ]
 [2420.0823]
 [2418.2761]
 [2422.4753]
 [2435.3086]
 [2429.892 ]
 [2425.4631]
 [2450.4895]
 [2436.9773]
 [2429.812 ]
 [2447.1646]
 [2450.0635]
 [2432.1587]
 [2432.6597]
 [2455.1885]
 [2441.774 ]
 [2448.3801]
 [2446.1067]
 [2442.2715]
 [2448.3428]
 [2464.272 ]
 [2429.7532]
 [2453.8633]
 [2447.645 ]
 [2461.8   ]
 [2480.0183]
 [2464.315 ]
 [2450.2747]
 [2451.7856]
 [2430.968 ]
 [2434.5005]
 [2433.5564]
 [2461.6167]
 [2457.401 ]
 [2444.35  ]
 [2486.8022]
 [2459.356 ]
 [2461.466 ]
 [2444.6702]
 [2463.901 ]
 [2455.236 ]
 [2424.384 ]
 [2442.6292]
 [2468.2156]
 [2467.6377]
 [2471.62  ]
 [2449.7444]
 [2490.441 ]
 [2453.4917]
 [2450.8782]
 [2450.07  ]
 [2463.7693]
 [2453.805 ]
 [2464.9312]
 [2477.328 ]
 [2480.8916]
 [2464.1694]
 [2471.518 ]
 [2447.818 ]
 [2459.97  ]]