Sector: Energy
Start Price: 1857.6180334684761
End Price: 1611.3870849609375
Percent Change: -13.26
All 120 Day Future Predictions
[[1863.135 ]
 [1886.9127]
 [1840.9156]
 [1837.2424]
 [1860.0963]
 [1896.3739]
 [1878.7329]
 [1860.3192]
 [1852.5168]
 [1841.3076]
 [1837.9719]
 [1833.56  ]
 [1803.35  ]
 [1828.454 ]
 [1813.3992]
 [1851.5299]
 [1821.6573]
 [1824.1161]
 [1825.3765]
 [1829.851 ]
 [1795.8458]
 [1810.4156]
 [1808.2994]
 [1815.0826]
 [1821.6669]
 [1805.9376]
 [1815.6082]
 [1824.1925]
 [1822.031 ]
 [1808.3645]
 [1793.4706]
 [1812.0653]
 [1815.0284]
 [1758.9241]
 [1756.43  ]
 [1794.0535]
 [1757.4764]
 [1759.1323]
 [1742.3657]
 [1723.832 ]
 [1784.7473]
 [1724.0253]
 [1783.3076]
 [1763.5164]
 [1749.1683]
 [1757.2672]
 [1747.131 ]
 [1727.2643]
 [1758.8989]
 [1741.1537]
 [1746.6985]
 [1761.9916]
 [1730.9326]
 [1731.4989]
 [1731.965 ]
 [1697.8832]
 [1754.1589]
 [1711.1205]
 [1734.8844]
 [1772.7328]
 [1741.8866]
 [1716.719 ]
 [1734.4216]
 [1712.4656]
 [1694.7898]
 [1695.8627]
 [1730.738 ]
 [1655.1204]
 [1737.2201]
 [1665.7023]
 [1713.4069]
 [1724.4553]
 [1701.8256]
 [1689.5244]
 [1686.6211]
 [1742.6527]
 [1685.3276]
 [1695.732 ]
 [1695.4435]
 [1672.7576]
 [1712.7407]
 [1699.7621]
 [1690.266 ]
 [1689.6174]
 [1672.4135]
 [1711.175 ]
 [1674.0665]
 [1657.3333]
 [1684.51  ]
 [1666.6261]
 [1673.5837]
 [1630.5656]
 [1668.8379]
 [1656.3846]
 [1665.5635]
 [1631.9607]
 [1679.7257]
 [1652.6239]
 [1666.2231]
 [1636.2888]
 [1663.6475]
 [1631.375 ]
 [1680.462 ]
 [1624.9564]
 [1629.1628]
 [1660.2968]
 [1642.0219]
 [1636.1958]
 [1651.3479]
 [1659.898 ]
 [1664.9302]
 [1621.1918]
 [1653.1843]
 [1623.0751]
 [1670.4822]
 [1643.9877]
 [1624.3923]
 [1626.7762]
 [1628.9828]
 [1611.3871]]