Sector: Communication Services
Start Price: 3902.322613082894
End Price: 4517.56494140625
Percent Change: 15.77
All 120 Day Future Predictions
[[4338.1323]
 [4266.474 ]
 [4253.653 ]
 [4298.53  ]
 [4236.9614]
 [4350.126 ]
 [4287.946 ]
 [4296.717 ]
 [4306.2183]
 [4286.863 ]
 [4207.2266]
 [4282.2705]
 [4390.794 ]
 [4302.9814]
 [4355.525 ]
 [4290.0234]
 [4386.1377]
 [4298.0464]
 [4292.5312]
 [4334.84  ]
 [4330.067 ]
 [4352.748 ]
 [4318.67  ]
 [4275.1943]
 [4291.179 ]
 [4310.964 ]
 [4304.549 ]
 [4265.124 ]
 [4337.161 ]
 [4409.881 ]
 [4304.542 ]
 [4345.8345]
 [4351.7573]
 [4259.284 ]
 [4369.502 ]
 [4279.893 ]
 [4362.262 ]
 [4352.3403]
 [4309.3745]
 [4277.1543]
 [4288.7437]
 [4258.915 ]
 [4327.5537]
 [4259.183 ]
 [4287.5913]
 [4364.4624]
 [4225.319 ]
 [4247.9595]
 [4270.883 ]
 [4239.056 ]
 [4333.4907]
 [4267.9883]
 [4363.4834]
 [4255.8003]
 [4291.031 ]
 [4273.9565]
 [4412.528 ]
 [4347.7275]
 [4289.613 ]
 [4417.852 ]
 [4347.5107]
 [4463.8003]
 [4407.4736]
 [4437.4536]
 [4452.39  ]
 [4448.7373]
 [4281.663 ]
 [4427.9355]
 [4426.089 ]
 [4423.8813]
 [4491.751 ]
 [4452.634 ]
 [4430.655 ]
 [4426.6445]
 [4487.4585]
 [4383.1396]
 [4474.7026]
 [4520.2427]
 [4492.352 ]
 [4386.6313]
 [4454.4233]
 [4469.392 ]
 [4428.243 ]
 [4503.2495]
 [4470.3213]
 [4476.7676]
 [4424.5464]
 [4457.4604]
 [4434.5684]
 [4490.84  ]
 [4551.2744]
 [4488.9146]
 [4440.172 ]
 [4484.239 ]
 [4529.012 ]
 [4541.9062]
 [4481.091 ]
 [4369.437 ]
 [4557.708 ]
 [4556.8735]
 [4537.3027]
 [4553.9863]
 [4496.749 ]
 [4665.528 ]
 [4567.532 ]
 [4551.6396]
 [4494.973 ]
 [4638.9395]
 [4539.627 ]
 [4580.166 ]
 [4607.3164]
 [4619.25  ]
 [4536.5986]
 [4580.099 ]
 [4677.998 ]
 [4541.0513]
 [4618.052 ]
 [4562.9224]
 [4673.949 ]
 [4517.565 ]]