Sector: Health Care
Start Price: 5030.7536785043985
End Price: 5181.94140625
Percent Change: 3.01
All 120 Day Future Predictions
[[5127.381 ]
 [5077.35  ]
 [5106.7534]
 [5060.1895]
 [5082.876 ]
 [5052.0503]
 [5068.8257]
 [5057.7993]
 [5019.183 ]
 [5086.7104]
 [4995.6597]
 [5075.6016]
 [5138.764 ]
 [5086.167 ]
 [5030.848 ]
 [5098.692 ]
 [5068.6914]
 [5090.1294]
 [5004.3877]
 [5039.3726]
 [4969.994 ]
 [5114.36  ]
 [5008.33  ]
 [5017.8506]
 [4954.545 ]
 [5052.0996]
 [4993.9854]
 [5107.4   ]
 [5038.1436]
 [4955.    ]
 [5026.018 ]
 [4949.1177]
 [5051.3945]
 [4961.8154]
 [5038.925 ]
 [5053.0645]
 [4987.138 ]
 [5125.2183]
 [5025.8667]
 [4916.3574]
 [5000.0454]
 [5013.4097]
 [4986.5083]
 [5002.15  ]
 [5085.35  ]
 [4952.175 ]
 [5008.4165]
 [5016.1934]
 [5082.1406]
 [4981.8374]
 [5025.954 ]
 [5037.55  ]
 [5065.1035]
 [5075.5693]
 [5069.6187]
 [5136.592 ]
 [5089.667 ]
 [5148.98  ]
 [5127.686 ]
 [5130.82  ]
 [5053.727 ]
 [5122.033 ]
 [5051.116 ]
 [5089.9287]
 [4994.8535]
 [5228.7764]
 [5066.578 ]
 [5105.335 ]
 [5183.427 ]
 [5086.751 ]
 [5170.807 ]
 [5188.245 ]
 [5195.5356]
 [5214.529 ]
 [5260.02  ]
 [5261.6816]
 [5308.9023]
 [5216.638 ]
 [5276.77  ]
 [5221.6895]
 [5226.661 ]
 [5166.108 ]
 [5192.1226]
 [5259.3677]
 [5146.377 ]
 [5192.0864]
 [5201.576 ]
 [5140.7793]
 [5168.797 ]
 [5127.7686]
 [5113.574 ]
 [5121.681 ]
 [5142.146 ]
 [5135.3887]
 [5099.519 ]
 [5159.72  ]
 [5179.1455]
 [5153.4756]
 [5238.26  ]
 [5186.6885]
 [5166.5444]
 [5192.564 ]
 [5210.487 ]
 [5191.453 ]
 [5237.59  ]
 [5212.7954]
 [5203.41  ]
 [5332.8457]
 [5318.7124]
 [5224.4463]
 [5153.364 ]
 [5193.493 ]
 [5188.2266]
 [5257.184 ]
 [5253.27  ]
 [5273.8223]
 [5121.827 ]
 [5176.9243]
 [5204.7236]
 [5181.9414]]