Sector: Materials
Start Price: 858.4928819099142
End Price: 912.2088623046875
Percent Change: 6.26
All 120 Day Future Predictions
[[889.97046]
 [881.1719 ]
 [881.06604]
 [875.06854]
 [879.73364]
 [881.124  ]
 [882.75586]
 [875.47284]
 [893.1869 ]
 [886.4925 ]
 [885.1397 ]
 [887.30756]
 [886.11316]
 [884.8057 ]
 [879.16345]
 [877.5048 ]
 [882.1413 ]
 [879.47076]
 [877.2609 ]
 [879.80853]
 [884.73834]
 [881.472  ]
 [877.2461 ]
 [885.06824]
 [883.0735 ]
 [882.1916 ]
 [884.3801 ]
 [889.38556]
 [882.98315]
 [884.9779 ]
 [880.60944]
 [884.6287 ]
 [881.6569 ]
 [886.21704]
 [877.5432 ]
 [879.7916 ]
 [886.1497 ]
 [884.4477 ]
 [879.8691 ]
 [878.52814]
 [876.7214 ]
 [878.0574 ]
 [877.2637 ]
 [883.1629 ]
 [872.54944]
 [880.1527 ]
 [870.81024]
 [879.8661 ]
 [877.14026]
 [870.9154 ]
 [872.72076]
 [873.6888 ]
 [876.08453]
 [879.1084 ]
 [883.12775]
 [882.5742 ]
 [887.8356 ]
 [888.04004]
 [879.49097]
 [878.9845 ]
 [883.2652 ]
 [879.0466 ]
 [889.0274 ]
 [894.37396]
 [889.05896]
 [890.2165 ]
 [881.73804]
 [883.8198 ]
 [888.9751 ]
 [893.7518 ]
 [899.6761 ]
 [890.1829 ]
 [897.07513]
 [897.3483 ]
 [902.2247 ]
 [896.7655 ]
 [890.06775]
 [910.21826]
 [903.4302 ]
 [899.9841 ]
 [900.24036]
 [901.4925 ]
 [903.37415]
 [894.4631 ]
 [899.3571 ]
 [893.2066 ]
 [905.5969 ]
 [904.34344]
 [898.52313]
 [895.33136]
 [897.93567]
 [905.5263 ]
 [897.22833]
 [904.2244 ]
 [908.0196 ]
 [904.4576 ]
 [905.8163 ]
 [905.4592 ]
 [905.5465 ]
 [911.1463 ]
 [905.1753 ]
 [910.9671 ]
 [907.3567 ]
 [923.8084 ]
 [917.3068 ]
 [916.11646]
 [909.8314 ]
 [919.4731 ]
 [922.59674]
 [924.1913 ]
 [919.67487]
 [912.3647 ]
 [918.4486 ]
 [900.2139 ]
 [908.7803 ]
 [913.67944]
 [910.26086]
 [915.0197 ]
 [912.4039 ]
 [912.20886]]