Sector: Financials
Start Price: 3443.15291603488
End Price: 3381.152099609375
Percent Change: -1.8
All 120 Day Future Predictions
[[3423.029 ]
 [3412.49  ]
 [3414.3105]
 [3408.8953]
 [3369.7375]
 [3442.6003]
 [3385.8313]
 [3387.234 ]
 [3411.1472]
 [3429.3513]
 [3474.4949]
 [3421.7507]
 [3433.7017]
 [3413.142 ]
 [3405.1897]
 [3386.7966]
 [3389.5745]
 [3408.2595]
 [3403.9985]
 [3363.3237]
 [3407.795 ]
 [3396.6387]
 [3406.0107]
 [3392.491 ]
 [3385.5735]
 [3400.852 ]
 [3426.4163]
 [3394.358 ]
 [3396.8687]
 [3399.3604]
 [3394.797 ]
 [3411.7534]
 [3388.3704]
 [3357.4153]
 [3351.485 ]
 [3425.0974]
 [3390.3755]
 [3391.8335]
 [3362.094 ]
 [3395.5767]
 [3359.2979]
 [3382.8467]
 [3374.4028]
 [3360.8647]
 [3369.5032]
 [3362.998 ]
 [3370.9314]
 [3360.3406]
 [3376.738 ]
 [3365.2122]
 [3344.2266]
 [3385.3596]
 [3363.049 ]
 [3357.78  ]
 [3373.0444]
 [3366.2898]
 [3357.2173]
 [3291.2727]
 [3366.225 ]
 [3383.0146]
 [3359.1343]
 [3337.1519]
 [3357.256 ]
 [3381.4473]
 [3356.3254]
 [3364.3323]
 [3360.8628]
 [3363.3203]
 [3367.3267]
 [3343.2708]
 [3362.978 ]
 [3352.2366]
 [3356.183 ]
 [3366.5898]
 [3394.416 ]
 [3365.5718]
 [3392.2126]
 [3394.6736]
 [3399.5632]
 [3407.0205]
 [3371.5283]
 [3397.2297]
 [3409.0894]
 [3377.4949]
 [3397.6257]
 [3374.7341]
 [3342.8967]
 [3363.4907]
 [3390.9895]
 [3375.654 ]
 [3347.5562]
 [3352.804 ]
 [3356.248 ]
 [3357.9966]
 [3353.8335]
 [3394.0525]
 [3336.4126]
 [3362.5881]
 [3369.9185]
 [3345.556 ]
 [3373.817 ]
 [3366.6055]
 [3362.7808]
 [3341.5232]
 [3368.5752]
 [3390.2825]
 [3379.3865]
 [3382.839 ]
 [3395.057 ]
 [3392.7854]
 [3371.4597]
 [3359.2458]
 [3371.0566]
 [3365.579 ]
 [3407.572 ]
 [3393.979 ]
 [3389.0708]
 [3364.02  ]
 [3369.7476]
 [3381.152 ]]